SD-NONE:0,0,0,0,0,0,0,0,0,0,0,0,0,0,0,0,0
SD-ALL:1,1,1,1,1,1,1,1,1,1,1,1,1,1,1,1,1
SD-INS:1,1,1,1,0,0,0,0,0,0,0,0,0,0,0,0,0
SD-IND:1,0,0,0,1,1,1,0,0,0,0,0,0,0,0,0,0
SD-INALL:1,1,1,1,1,1,1,0,0,0,0,0,0,0,0,0,0
SD-MIDD:1,0,0,0,1,1,1,1,1,1,1,1,0,0,0,0,0
SD-MIDD0.2:1,0,0,0,0,0,0.2,0.4,0.4,0.2,0,0,0,0,0,0,0
SD-MIDD0.8:1,0,0,0,0,0.5,0.8,0.8,0.4,0,0,0,0,0,0,0,0
SD-MOUT:1,0,0,0,0,0,1,1,1,1,1,1,1,1,0.5,0,0
SD-OUTD:1,0,0,0,0,0,0,0,1,1,1,1,0,0,0,0,0
SD-OUTS:1,0,0,0,0,0,0,0,0,0,0,0,1,1,1,1,1
SD-OUTALL:1,0,0,0,0,0,0,0,1,1,1,1,1,1,1,1,1
SD-ROUT:1,1,1,1,1,1,1,1,R,R,R,R,R,R,R,R,R
SD-AOUT:A,1,1,1,1,1,1,1,1,1,1,1,A,A,A,A,A
SD-AB:A,B,B,B,B,B,B,B,B,B,B,B,A,A,A,A,A
SD-ALL0.5:0.5,0.5,0.5,0.5,0.5,0.5,0.5,0.5,0.5,0.5,0.5,0.5,0.5,0.5,0.5,0.5,0.5
SD-LyC-NONE:0,0,0,0,0,0,0,0,0,0,0,0,0,0,0,0,0,0,0,0,0,0,0,0,0,0,0
SD-LyC-ALL:1,1,1,1,1,1,1,1,1,1,1,1,1,1,1,1,1,1,1,1,1,1,1,1,1,1,1
SD-LyC-INALL:1,1,1,1,1,1,1,1,1,1,1,1,0,0,0,0,0,0,0,0,0,0,0,0,0,0,0
SD-LyC-MIDALL:1,0,0,0,0,0,0,0,0,0,0,0,1,1,1,0,0,0,0,0,0,0,0,0,0,0,0
SD-LyC-OUTALL:1,0,0,0,0,0,0,0,0,0,0,0,0,0,0,1,1,1,1,1,1,1,1,1,1,1,1
SDXL-NONE:0,0,0,0,0,0,0,0,0,0,0,0,0,0,0,0,0,0,0,0
SDXL-ALL:1,1,1,1,1,1,1,1,1,1,1,1,1,1,1,1,1,1,1,1,1
SDXL-INALL:1,1,1,1,1,1,1,1,1,0,0,0,0,0,0,0,0,0,0,0,0
SDXL-MIDALL:1,0,0,0,0,0,0,0,0,1,1,1,0,0,0,0,0,0,0,0,0
SDXL-OUTALL:1,0,0,0,0,0,0,0,0,0,0,0,1,1,1,1,1,1,1,1,1
@SD-FULL-TEST:17
@SD-LyC-FULL-TEST:27
@SDXL-FULL-TEST:20